((("class" .
   [0 0 1 0 0])
  ("arange" .
   [1 0 0 0 0 0])
  ("numpy" .
   [1 0 0 0 0])
  ("y" .
   [1])
  ("x" .
   [3])
  ("num" .
   [1 0 0])
  ("co" .
   [0 1])
  ("copy" .
   [0 0 1 1])
  ("new" .
   [3 0 0])
  ("html" .
   [0 0 0 1])
  ("load-file" .
   [1 0 0 0 0 0 0 0 0])
  ("file-readable-p" .
   [0 0 0 0 0 0 0 0 0 0 0 0 0 0 1])
  ("file-of-tag" .
   [0 0 0 0 1 0 0 0 0 0 0])
  ("if" .
   [1 0])
  ("defun" .
   [1 0 0 0 0])
  ("-1" .
   [1 0])
  ("tool-bar-mode" .
   [0 0 0 0 0 0 0 0 0 0 0 0 1])
  (":ensure" .
   [0 0 0 0 0 1 0])
  ("use-package" .
   [0 0 0 0 0 0 0 0 0 0 1])
  ("use-package-as-one" .
   [0 0 0 0 0 1 0 0 0 0 0 0 0 0 0 0 0 0])
  ("auto" .
   [0 0 0 1])
  ("org-babel-load-file" .
   [0 0 0 0 0 0 0 0 0 0 0 0 0 0 0 0 0 0 1])
  ("expand-file-name" .
   [0 0 0 0 0 0 0 0 1 0 0 0 0 0 0 0])
  ("cls" .
   [2 0 1])
  ("cls11" .
   [0 0 0 2 0])
  ("np" .
   [7 0])
  ("sin" .
   [1 0 0])
  ("a" .
   [1])
  ("syslog" .
   [0 2 0 0 0 0])
  ("matplotlib" .
   [0 0 0 0 0 1 0 0 0 0])
  ("pdb" .
   [0 1 1])
  ("plt" .
   [3 0 0])
  ("show" .
   [0 0 1 0])
  ("pandas" .
   [1 0 0 0 0 0])
  ("pd" .
   [1 0])
  ("__doc__" .
   [0 0 1 0 0 0 0])
  ("io" .
   [1 0])
  ("malloc" .
   [0 0 2 0 0 0])
  ("int" .
   [0 0 1])
  ("printf" .
   [3 0 1 2 1 3])
  ("for" .
   [0 0 1])
  ("scanf" .
   [0 0 0 1 1])
  ("arr" .
   [9 0 0])
  ("largest" .
   [0 0 1 4 3 0 0])
  ("smallest" .
   [0 0 0 4 1 2 0 0])))
